-0.000973116484150992 -0.0653001609953393 0.0797466810140759 0.14579724194482 0.0901933084521443 0.10112425275147 456 16594 36.6010928961749 1155 1416 1005 927 919 1105 1463 915 855 912 1021 693 617 638 707 627 580 565 257 217 16486 41.541095890411 932 972 1097 1321 951 848 821 936 1163 798 766 852 950 642 573 583 628 505 445 357 160 186


0.0160855099057044 -0.0227614556860214 0.121798933083192 0.0884839204605669 0.11588741783984 0.0947294000070542 456 17495 37.3917808219178 1279 1430 972 924 981 1185 1527 986 958 1047 1105 729 655 650 721 636 636 577 270 227 18338 41.7753424657534 1013 1085 1184 1283 1009 991 1021 1124 1337 993 905 1001 1040 699 628 610 658 551 491 371 159 185


0.0581585322630985 0.0177021086412944 0.111031798990443 0.205095527647063 0.0441334281675518 0.0976641130633652 456 17241 37.3260273972603 1262 1344 925 857 942 1222 1561 1102 1067 1051 1042 684 619 616 671 638 605 558 261 214 17804 41.7821917808219 1016 977 1098 1159 936 991 985 1232 1412 1107 954 962 929 635 608 563 607 543 450 319 148 173


-0.00903019055255 0.0147585627759457 0.0694827771093696 0.10387582462281 0.033562482604757 0.161253132671118 456 19642 36.5710382513661 1473 1518 1037 955 1112 1459 1871 1271 1253 1243 1202 740 681 680 742 658 648 589 280 230 22180 40.8534246575342 1244 1292 1386 1460 1202 1179 1374 1624 1874 1402 1241 1206 1167 745 657 632 685 580 500 377 162 191


-0.021555259107413 -0.0234692633462339 0.0617370047327131 0.118449460435659 0.130868616811931 0.127115730848163 123 18658 36.0601092896175 1309 1546 1186 1027 1000 1262 1778 1085 1117 1149 1090 695 709 679 720 621 646 599 245 195 20766 40.3808219178082 1295 1290 1350 1584 1261 1098 1099 1295 1645 1115 1098 1121 1070 681 693 650 661 553 508 385 151 163


-0.0256612103049601 0.0516502094862494 0.03759595929645 0.178267731284723 0.0833589749224484 0.220149592123926 456 21582 35.8164383561644 1653 1679 1163 1074 1242 1673 2081 1417 1455 1339 1252 767 689 708 797 700 692 619 342 240 26071 40.1315068493151 1611 1566 1732 1767 1406 1436 1600 1861 2267 1634 1515 1331 1228 803 721 732 771 677 601 393 222 197


-0.00439281374676106 -0.0106668986474621 0.125812822105363 0.208912844071165 0.0902520051319152 0.0862655445467681 789 18741 36.4016393442623 1336 1519 1091 942 999 1349 1822 1152 1144 1164 1070 703 714 685 722 615 622 614 269 209 20317 41.1232876712329 1210 1161 1261 1446 1144 1072 1083 1389 1715 1160 1097 1111 1012 681 717 669 673 551 482 362 154 167


0.025822935798184 0.0128017473511303 0.0987660362385213 0.142108382703736 0.0385429408214986 0.136493374919519 789 18122 37.5876712328767 1311 1370 975 895 997 1257 1677 1173 1089 1124 1146 729 640 662 717 637 650 578 279 216 19608 41.6780821917808 1111 1092 1202 1245 1065 1103 1155 1343 1545 1160 1072 1042 1069 720 631 645 643 550 498 371 168 178


0.000551522263477886 -0.0456667832818622 0.0534388283919543 0.165876539377496 0.0760917245317251 0.0847049155738205 456 17361 36.1229508196721 1281 1533 1040 963 937 1170 1547 962 946 985 1041 705 622 650 697 608 605 563 275 231 17816 40.7561643835616 996 1057 1250 1485 1032 955 915 1022 1284 887 869 952 969 681 588 602 628 484 460 342 161 197


0.0189441300782336 -0.0084158933565331 0.0759316373616457 0.102969976235181 0.118186578294262 0.157402444491163 123 17797 36.7158469945355 1296 1427 1138 990 967 1181 1557 1023 1050 1044 1055 692 704 668 715 601 637 603 255 194 18893 40.8246575342466 1109 1122 1272 1403 1152 1065 981 1108 1338 1016 1019 1007 991 668 661 627 664 522 486 374 150 158


0.00283994766526179 0.0368846952798333 0.0883778093475848 0.133883949788287 0.0400404172763228 0.141663148067892 789 19635 36.7622950819672 1483 1430 1027 980 1109 1483 1834 1280 1273 1263 1180 756 657 678 734 657 658 617 294 242 22537 41.0575342465753 1322 1262 1392 1339 1197 1309 1396 1636 1926 1397 1316 1224 1152 759 658 689 689 604 510 367 190 203


-0.0330531765584683 0.0143974120088669 0.0576580477785319 0.0506952879484743 0.0895553593430668 0.220423554442823 789 20378 36.0601092896175 1478 1632 1169 1050 1099 1513 1964 1348 1364 1331 1170 714 718 704 750 624 662 601 266 221 24145 39.8191780821918 1480 1447 1542 1674 1382 1399 1469 1758 2020 1489 1380 1328 1166 725 702 680 702 539 512 403 159 189


-0.00702848662240973 0.0260638787034813 0.108726852787659 0.220159118250012 0.0796184753626585 0.191992995375767 789 19881 36.3497267759563 1474 1546 1048 967 1090 1550 1911 1261 1289 1211 1178 759 673 697 753 660 667 625 307 215 22666 40.8068493150685 1341 1340 1415 1480 1163 1266 1298 1700 1954 1376 1245 1177 1153 766 693 719 715 611 528 363 191 172


-0.0159195954261343 0.0280964615350813 0.102685183016583 0.163438393268734 0.112843765402213 0.142581192497164 789 20260 36.431693989071 1429 1559 1146 1032 1125 1512 1957 1320 1315 1296 1194 750 723 723 728 669 669 603 293 217 23486 40.5602739726027 1367 1396 1453 1582 1330 1296 1441 1648 2006 1430 1302 1263 1175 757 718 715 726 617 536 368 178 182


0.0205544934801683 -0.0197578700725005 0.104973331103101 0.189299832005054 0.10690541870892 0.146789305284619 789 17366 36.7486338797814 1253 1435 1018 946 945 1161 1566 1013 1001 1009 1074 700 623 662 691 614 610 535 302 208 17952 41.3520547945205 1033 1011 1157 1332 1019 945 985 1107 1368 1005 918 952 1014 663 584 604 626 520 452 323 168 166


-0.00651472002930696 0.0599384950113897 0.0659434018749744 0.123984947567806 0.0886052361130714 0.154431011015549 123 20860 36.2827868852459 1466 1665 1178 1062 1177 1540 2007 1420 1461 1303 1174 722 741 734 770 658 674 644 269 195 24912 40.1027397260274 1474 1543 1502 1712 1408 1472 1497 1803 2132 1593 1464 1304 1165 734 769 724 737 615 532 401 167 164


0.0135161660829184 0.00379698328461054 0.139276550235227 0.241152428742498 0.0403649478312582 0.165879113879055 123 18422 37.2958904109589 1310 1313 985 865 976 1348 1871 1183 1217 1156 1058 692 707 700 714 599 645 618 256 209 19527 42.1775956284153 1070 1066 1119 1142 1025 1030 1131 1413 1747 1229 1132 1086 979 674 650 670 665 535 471 363 150 180


-0.0230642093411821 -0.00387041263357601 0.0756332621723413 0.21786343716085 0.101757059209049 0.232927995268255 123 19620 35.9712328767123 1467 1594 1157 1018 1071 1388 1894 1203 1243 1186 1134 734 722 701 753 629 648 607 265 206 22074 40.2890410958904 1275 1406 1480 1591 1266 1158 1271 1490 1764 1273 1210 1152 1084 738 724 655 700 584 533 379 165 176


-0.00493136688417571 -0.0273637646153127 0.136454295348376 0.132678121188656 0.0329802243132144 0.143431126046926 789 18009 37.2876712328767 1304 1414 1017 865 921 1261 1694 1168 1090 1113 1069 693 692 681 695 623 653 591 246 219 19013 42.3415300546448 1024 1049 1119 1246 1027 973 1006 1305 1585 1138 1060 1076 1025 686 650 641 627 549 501 378 161 187


-0.0150689171720296 -0.0669226562324911 0.142882783776149 0.205190762225539 0.0679141754563898 0.234140886273235 123 17125 36.7158469945355 1247 1382 1012 877 886 1216 1627 942 997 1027 1016 651 674 659 698 583 611 577 245 198 17123 41.8027397260274 984 968 1108 1254 944 835 861 1113 1383 884 873 941 947 602 612 593 612 488 450 350 145 176
0.0447224823758006 -0.0486478458205238 0.11393763743341 0.0742546644527465 0.114241897249594 0.130819875886664 456 15886 38.3945205479452 1138 1290 949 858 818 1031 1301 831 782 881 1008 715 644 656 696 615 610 577 270 216 15480 43.3452054794521 829 899 977 1137 875 770 746 841 983 742 690 838 952 684 615 595 615 511 448 385 169 179
0.0089608711283654 -0.0077900097426027 0.133592984089628 0.0519656829535961 0.119504394466057 0.220123684965074 456 18286 37.1178082191781 1312 1464 1017 967 1035 1288 1647 1040 1117 1094 1168 742 653 665 709 652 621 589 269 237 19692 41.4671232876712 1109 1145 1231 1349 1072 1069 1114 1324 1497 1065 1073 1076 1145 723 620 622 657 570 503 355 167 206
0.0544520214851946 -0.0894127366971224 0.0546305144671351 0.215373646747321 0.0322559719718993 0.249486527079716 456 14149 35.9452054794521 1020 1299 954 878 784 871 1131 665 645 706 881 601 563 557 620 546 522 463 248 195 12295 40.7260273972603 746 717 927 1147 782 621 547 569 713 474 498 582 767 503 456 464 478 410 339 250 145 160
0.0499272620584816 -0.0365756409848109 0.0371752574108541 0.221618324657902 0.141469426900148 0.248624454112723 123 15942 35.5438356164384 1169 1439 1182 998 832 946 1322 812 793 878 971 627 632 613 631 556 569 537 239 196 15621 39.4054794520548 961 931 1193 1426 1101 821 705 782 1032 714 696 758 850 563 570 563 520 458 397 280 145 155
-0.0054314224794507 0.00987329758703709 0.0470605110749602 0.0861114799510688 0.113426958471537 0.0507437443826348 123 19391 35.8547945205479 1479 1618 1179 1048 1063 1358 1742 1190 1214 1172 1107 712 711 689 715 650 648 608 274 214 21936 39.8671232876712 1319 1351 1545 1685 1288 1191 1203 1440 1714 1276 1177 1145 1082 698 679 649 653 571 508 389 195 178
0.0491695632133633 -0.040568524277769 0.0490820823423564 0.0963494692463428 0.101100317845121 0.132417067233473 456 15968 37.4397260273973 1118 1416 1042 941 860 962 1226 812 784 835 1011 708 622 652 692 605 614 573 266 229 15758 41.9643835616438 879 889 1109 1364 951 841 708 782 950 731 716 794 934 663 584 586 613 516 457 351 147 193
0.0983291520643979 -0.0532283637300134 0.0787933373171836 0.167095272196457 0.0570141911040992 0.227670604316518 456 14210 37.4602739726027 995 1270 943 856 762 871 1053 675 687 703 899 618 594 601 620 549 573 478 247 216 12560 42.0765027322404 696 705 860 1075 767 648 561 681 700 537 576 610 762 520 495 505 476 432 380 277 124 173
0.0174297381099314 -0.0251464026467875 0.0730588039476424 0.245658759633079 0.107512204293162 0.0845367650967091 456 17442 35.8013698630137 1331 1499 1057 971 949 1209 1539 1001 961 989 1012 708 615 661 681 586 604 564 289 216 17958 39.972602739726 1105 1086 1295 1419 1054 975 934 1116 1319 935 866 893 887 670 573 603 596 501 454 325 168 184
-0.00113706178963184 -0.0343082744209096 0.0363448841962963 0.182567264931276 0.0699877891223878 0.145498477481306 456 17797 35.8 1345 1548 1055 986 997 1217 1602 992 955 1017 1108 697 634 652 691 635 601 566 277 222 18615 40.1205479452055 1053 1132 1342 1517 1079 1006 985 1157 1388 954 864 965 1019 655 588 610 620 530 450 348 172 181
0.0933463422488421 -0.0857254531467333 0.0404887950886041 0.151513155875728 0.0650726948026568 0.200879922462627 456 13610 37.8424657534247 938 1329 982 900 700 723 921 552 531 669 886 633 582 581 615 566 552 497 246 207 11660 41.8602739726027 614 684 883 1209 782 572 447 441 523 375 408 583 749 539 495 488 487 413 389 287 121 171
0.0592572923656553 -0.031167758165393 0.0657698150910437 0.157184501318261 0.134396037496626 0.0840738523751497 123 15883 36.6475409836066 1093 1390 1100 974 849 997 1275 817 839 854 955 644 647 628 646 584 603 551 240 197 15566 40.1356164383562 894 941 1081 1322 1061 840 754 860 937 685 715 797 880 595 580 553 548 486 439 310 130 158
0.07914121536538 -0.0461573719466105 0.0347425395715982 0.10634580720216 0.104113001162186 0.165370644675568 456 14966 37.5 1017 1375 1044 961 798 837 1093 708 690 753 954 676 596 620 659 616 569 565 238 197 14335 41.1452054794521 837 863 1032 1347 924 725 625 637 765 583 569 694 870 632 552 559 562 500 429 328 145 157
0.0091550512984395 -0.0223084948281757 0.0888699204940349 0.166040187515318 0.0954793831799179 0.0764943468850106 123 17740 36.5314207650273 1287 1444 1091 962 962 1195 1637 1035 993 1061 1020 690 688 665 710 612 634 589 255 210 18594 40.9397260273973 1084 1075 1242 1387 1103 989 1002 1154 1431 999 940 993 947 667 645 603 626 548 477 350 166 166
0.0182880258001387 0.0149692497891374 0.0449872022308409 0.180274345725775 0.0426117818243802 0.0576925869565457 123 18493 36.4289617486339 1334 1503 1120 951 1027 1308 1681 1169 1117 1083 1105 691 714 688 716 629 613 595 265 184 20312 40.4904109589041 1169 1168 1315 1482 1168 1143 1156 1375 1547 1205 1069 1050 1051 669 684 670 678 557 476 362 167 151
0.0364101324882358 -0.0291056714509614 0.0413706731144339 0.20806750706397 0.142982095498592 0.0612037416547537 123 16726 35.6643835616438 1227 1500 1168 1012 922 1055 1368 940 867 904 956 645 665 647 672 564 595 565 252 202 16751 39.3287671232877 944 1061 1261 1499 1132 881 847 902 1080 839 761 823 860 577 621 571 569 482 430 308 136 167
0.0127697778306901 -0.016835269103758 0.107353578954935 0.217191971605644 0.0887333676125854 0.236454642098397 123 17848 36.5136612021858 1285 1486 1037 929 946 1244 1684 1047 1077 1061 1013 678 694 677 720 594 638 596 234 208 18625 41.0027397260274 1087 1108 1201 1345 1041 1036 970 1226 1480 1006 1006 995 930 635 652 622 648 535 468 342 125 167
-0.001465815147385 -0.0107453788630664 0.114812401235104 0.192321641650051 0.0550037227291614 0.0637169945053756 123 18574 36.9795081967213 1367 1408 1055 935 940 1361 1770 1156 1168 1161 1098 694 700 690 718 644 645 591 279 194 19949 41.5479452054795 1121 1103 1258 1318 1085 1070 1076 1423 1682 1137 1123 1072 1053 688 677 639 644 581 492 369 175 163
-0.00795519544743001 -0.0282269750279374 0.132474174415693 0.228455203818157 0.139481833828613 0.182378566265106 456 18160 36.1844262295082 1336 1471 1036 977 991 1295 1730 1093 1047 1014 1108 714 648 653 698 621 628 579 298 223 19155 40.7479452054795 1154 1142 1294 1394 1040 1033 1033 1249 1543 1081 976 946 1024 673 641 615 628 536 467 341 160 185
0.0283103730063885 -0.0570267731999047 0.0964727059286088 0.215109125338495 0.140467432206497 0.0624924758914858 123 16043 36.0273224043716 1106 1456 1058 941 824 1045 1431 845 846 874 954 639 642 614 648 563 579 528 237 213 15492 40.6520547945205 906 1020 1017 1321 949 810 703 868 1099 727 736 783 841 572 565 529 533 460 428 296 145 184
0.0483136504516005 0.00557748415274546 0.106869258983061 0.223033660743386 0.0403411668911576 0.225200883485377 789 17238 37.4315068493151 1214 1306 999 858 931 1187 1626 1035 1034 1088 1002 652 667 672 711 601 632 573 274 176 17773 41.7890410958904 1003 991 1037 1150 1019 965 1044 1146 1450 1032 932 1003 913 603 631 633 619 502 471 334 159 136
0.0882317678816617 -0.0396740250242874 0.0777330087125301 0.193104872200638 0.0491124488599598 0.228427927196026 456 14808 37.5369863013699 1016 1270 934 852 813 925 1181 789 757 797 933 647 583 580 637 562 547 521 263 201 13445 41.8821917808219 780 723 892 1083 822 701 661 741 830 643 624 695 786 561 488 480 544 441 365 280 140 165
0.0497898038197309 -0.0538537485082634 0.105794849675149 0.104451312823221 0.133850404210389 0.126627577794716 789 15591 37.6109589041096 1082 1333 1048 914 795 946 1259 793 753 834 938 658 669 658 689 597 624 570 230 201 14743 43.0986301369863 786 842 956 1177 864 725 688 760 930 666 680 778 882 600 608 581 606 496 455 362 127 174
-0.019559943350032 -0.0119593367865309 0.144164081895724 0.154289999138564 0.0992768671642989 0.232004561275244 789 19088 36.5341530054645 1373 1492 1089 921 1006 1399 1898 1193 1247 1195 1119 706 710 699 704 627 638 591 283 198 21070 41.1123287671233 1267 1225 1284 1402 1161 1133 1179 1473 1785 1258 1252 1160 1081 685 682 662 645 555 474 368 168 171
0.0537749835941941 -0.0546566459024325 0.0840551951061934 0.222854755073786 0.0927827086765319 0.147830221662298 789 15311 36.5956284153005 1103 1364 982 892 855 969 1250 812 778 818 972 616 563 591 616 574 572 538 247 199 14218 40.8205479452055 806 839 1027 1194 867 746 718 760 903 661 669 721 834 536 489 502 495 424 420 292 149 166
0.0142576126381755 -0.0386601317580789 0.140987290525809 0.0810694476123899 0.0497262394800782 0.209691262571141 456 17003 38.0356164383562 1250 1338 889 862 920 1146 1495 1005 954 1000 1088 709 638 646 708 644 620 588 263 240 17113 43.0547945205479 920 954 1074 1141 892 878 899 1028 1278 926 891 951 1038 685 590 602 630 550 465 343 174 204
-0.00298199657350778 -0.0669841294386424 0.0736157030146569 0.235687130875885 0.0380295939557254 0.0943360980600119 456 16488 36.542349726776 1187 1375 993 901 906 1109 1473 977 898 895 1017 653 613 630 655 605 580 544 275 202 16282 41.4890410958904 936 909 1086 1275 919 840 841 1001 1206 899 805 823 908 594 550 543 563 494 438 315 166 171
-0.0135182843077928 -0.0262078604288399 0.0675204336829484 0.118336801184341 0.053434082781896 0.19544837847352 456 18397 36.7185792349727 1369 1523 1010 949 1008 1287 1691 1126 1082 1085 1150 730 650 679 716 632 629 570 285 226 19855 40.8767123287671 1122 1161 1320 1462 1118 1070 1102 1275 1552 1153 1029 1030 1089 711 625 653 640 541 492 353 165 192
0.0381623677816242 -0.0656986635690555 0.142049224544317 0.108210786711425 0.04582310420461 0.213414729200304 789 15360 39.3013698630137 1021 1228 860 797 813 1010 1283 781 782 857 1042 679 624 621 695 613 625 540 257 232 14373 44.5945205479452 706 760 852 992 755 667 693 863 967 682 704 787 959 621 580 561 590 518 451 316 158 191
0.00129886341281235 -0.023337479159236 0.12041136036627 0.078695987444371 0.144027724592015 0.129792213346809 456 18069 36.4863387978142 1270 1543 1036 959 1016 1265 1629 1025 1005 1048 1125 736 662 675 715 645 630 572 278 235 19028 41.2849315068493 1118 1077 1223 1449 1009 994 1079 1171 1466 975 960 1012 1090 717 625 634 667 557 471 361 172 201
0.0681334534287453 -0.0246809639269486 0.0750701252929866 0.0927776074036956 0.125127726523206 0.150985618401319 456 15993 37.2876712328767 1128 1480 1034 943 848 974 1199 805 786 836 1027 696 627 651 671 635 621 545 265 222 15623 41.5342465753425 878 899 1084 1355 972 857 717 795 890 689 691 794 948 669 577 590 575 535 435 320 171 182
0.0406432770099491 -0.0709315554681234 0.129758779518306 0.0553542622365057 0.0375522837415338 0.0730106759816408 456 15297 39.6657534246575 1028 1294 878 813 781 918 1234 747 757 812 1013 715 639 647 694 628 620 589 264 226 14254 45.5753424657534 722 746 861 1064 720 672 670 695 909 620 646 788 959 684 601 595 604 520 464 355 167 192
0.0241189812589437 -0.0160383207956329 0.0546119498647749 0.231728480709717 0.0327349729835987 0.152442765748128 789 17389 36.551912568306 1286 1450 1004 933 966 1185 1563 1025 997 1034 1070 695 635 635 682 601 600 545 278 205 18015 40.7123287671233 1022 1034 1221 1372 1031 976 980 1163 1338 1007 908 932 983 658 601 601 603 509 451 305 145 175
-0.0114585542306304 -0.0630442209355533 0.0802508511207998 0.0939189259894192 0.111864427132532 0.052512744627893 456 16960 37.0109589041096 1204 1370 1023 948 930 1147 1492 938 883 910 1055 726 630 654 710 645 635 569 261 230 17281 41.9150684931507 975 994 1166 1314 997 864 888 985 1251 865 815 886 987 699 598 610 649 533 494 357 160 194
0.0178025423362851 -0.0352481117937714 0.130944462474436 0.0536411115434021 0.0978694561868906 0.199355360632762 456 16984 37.9712328767123 1173 1395 950 862 938 1132 1487 954 885 982 1106 720 642 655 713 648 658 566 282 236 17456 42.9112021857923 1022 953 1036 1230 948 894 932 996 1257 923 863 960 1071 678 625 607 645 554 520 358 180 204
-0.0120187946595252 -0.0390043397713453 0.117819373318926 0.208697241079062 0.0907230116799474 0.070491628209129 123 17852 36.5109289617486 1268 1439 1083 925 938 1238 1716 1073 1065 1097 1048 664 670 668 701 582 605 603 274 195 18689 41.413698630137 1054 1122 1205 1325 1073 971 955 1192 1534 1038 1020 1027 1003 650 639 622 631 511 459 332 153 173
0.0585466587170959 -0.0889357658429071 0.12078220853582 0.0633834724314511 0.0586841801181436 0.065321305161342 456 14259 40.0901639344262 990 1215 870 811 713 801 1084 633 602 678 996 702 616 640 684 595 594 547 261 227 12483 47.8821917808219 609 669 806 984 651 548 498 521 680 468 486 638 931 649 578 583 596 474 448 325 153 188
0.0184407030325383 -0.0713988612568937 0.12511379881762 0.14268955308944 0.125703052282333 0.244032139750198 789 15732 37.4561643835616 1089 1368 983 850 791 1032 1356 813 812 874 946 655 651 649 674 588 584 567 247 203 15048 42.4658469945355 856 893 946 1188 868 731 665 857 1048 662 714 802 877 603 596 575 598 463 427 340 163 176
0.0708265201933682 -0.0366644466971047 0.0547483133152127 0.145357648376375 0.03747658691369 0.178819201001897 123 15497 37.4520547945205 1016 1378 1056 898 825 935 1249 773 793 844 955 634 644 631 679 593 599 551 234 210 14781 41.9753424657534 857 810 938 1239 942 776 693 760 927 684 686 758 846 576 587 575 570 489 428 341 133 166
0.00673590194433928 -0.0283182295970619 0.128768104221672 0.194160808436573 0.0985982789844275 0.0719733982812613 123 17548 36.6188524590164 1284 1379 1046 911 929 1174 1706 1042 1084 1031 1012 678 667 663 699 597 617 589 244 196 18150 41.627397260274 971 1080 1192 1251 1026 928 997 1126 1522 1006 998 951 936 651 633 615 618 513 470 370 131 165
0.0935181096289307 -0.0226147910719737 0.0389108261559159 0.208635282283649 0.122127383435145 0.0798368195537478 456 15322 36.0710382513661 1103 1406 1084 986 892 886 1142 759 758 820 959 653 577 600 651 551 533 501 260 201 14664 38.7199453551913 874 936 1106 1383 1001 795 730 743 808 625 626 677 827 579 517 515 526 454 367 272 137 166
0.0497527465876192 0.0192155214073137 0.0625088984426111 0.063533935835585 0.0382392763160169 0.0532796178478748 789 17841 37.4219178082192 1246 1482 1073 922 938 1206 1501 1136 1061 1087 1051 710 702 685 723 616 653 595 250 204 19003 41.7013698630137 1095 983 1147 1381 1115 1022 1055 1249 1358 1152 990 1028 1010 693 666 672 660 535 484 377 155 176
0.0207011781260371 -0.0333146293764003 0.0820148260518908 0.145059793395922 0.0365830839425325 0.111000078124926 456 17098 37.0616438356164 1239 1399 974 894 958 1130 1534 1033 930 977 1053 703 630 634 688 633 619 592 260 218 17260 42.1188524590164 958 968 1119 1268 928 864 953 1049 1271 949 864 937 1005 653 581 594 622 523 465 340 161 188
0.0336070763226599 -0.0483338243421167 0.129269418669865 0.161505250865594 0.0805718362983316 0.0840026963036507 456 15983 37.1945205479452 1101 1328 930 850 866 1050 1471 901 812 893 983 675 607 615 673 614 576 567 261 210 15379 42.3579234972678 846 867 932 1129 881 791 782 904 1155 790 702 815 888 614 573 524 577 511 433 339 148 178
0.0442835677042604 -0.062781780322548 0.0536286788899451 0.148288987064734 0.138760532923043 0.183073730953038 789 15394 36.5382513661202 1080 1402 1104 952 806 911 1215 784 741 805 929 651 653 629 638 566 573 530 237 188 14641 40.9397260273973 828 907 1059 1323 908 765 669 689 906 616 640 734 839 590 570 571 532 455 424 313 146 157
0.0279731953050941 -0.0531685628695413 0.0868676893785596 0.0673963612876833 0.116417320081964 0.173027529381216 456 16178 37.8191780821918 1162 1403 983 895 884 1014 1268 855 817 874 1024 715 630 655 696 638 611 563 253 238 15843 42.8633879781421 834 886 1108 1255 879 794 782 826 967 724 758 828 973 687 589 605 619 553 461 360 159 196
-0.0150689171720296 -0.0669226562324911 0.142882783776149 0.205190762225539 0.0679141754563898 0.234140886273235 456 17063 36.4972677595628 1244 1433 938 872 918 1199 1643 980 936 1003 1063 695 619 627 660 599 593 553 268 220 16976 42.1284153005465 932 962 1105 1255 870 810 873 1084 1380 932 871 937 970 651 584 589 580 494 424 332 164 177
0.0933720846381038 -0.0523775615473278 0.0890227653644979 0.176237855199724 0.0844667877908796 0.177094820840284 123 14395 37.7150684931507 1007 1327 1004 840 688 831 1103 715 732 799 878 608 616 610 611 547 565 500 226 188 12707 42.844262295082 670 691 902 1129 789 602 535 609 774 550 621 687 742 513 533 506 489 426 397 264 118 160
0.0170109504833818 -0.0520146801299416 0.100989803988487 0.228855953225866 0.115172277744859 0.0594467237126082 789 16358 36.4303278688525 1103 1374 987 907 922 1125 1481 967 887 914 991 663 613 600 667 577 595 527 254 204 16117 41.2356164383562 939 940 1016 1271 941 839 865 954 1201 868 806 834 881 604 555 509 571 481 435 281 152 174
0.0784489511605352 -0.0455792346410453 0.0885072740726173 0.224669007956982 0.0766209707502276 0.230717766424641 456 14884 37.2972602739726 1009 1273 923 882 793 956 1244 798 771 802 961 629 558 588 638 558 538 489 255 219 13672 41.6260273972603 801 793 886 1103 818 700 701 738 858 679 643 670 818 548 497 499 530 429 366 268 148 179
0.0706328290794045 0.0103402559831739 0.147436502734199 0.119776981370524 0.0691564806550741 0.10601447308436 789 16737 38.2767123287671 1169 1302 902 833 890 1158 1445 1015 949 1024 1067 682 632 658 684 629 615 575 277 231 16891 43.0547945205479 919 824 955 1068 901 926 967 1123 1249 995 877 941 965 657 609 588 601 538 469 339 189 191
0.0826985279563814 -0.00762954036705195 0.0370896728150547 0.218693412514403 0.0570888498611748 0.228323688404635 123 15787 36.2814207650273 1080 1400 1110 960 869 1000 1250 880 852 882 903 635 627 618 633 552 582 533 236 185 15693 39.358904109589 991 950 1060 1337 1047 869 828 892 1004 773 732 784 772 587 564 571 527 464 392 277 126 146
0.0218159911688417 -0.0289995826478116 0.0720969412755221 0.0560845070052892 0.0836344909016043 0.180129550117999 456 17149 37.5534246575342 1186 1459 1030 945 951 1104 1414 942 878 998 1095 735 657 665 722 643 634 573 274 244 17953 41.5342465753425 1019 1052 1128 1376 1023 934 1003 1068 1224 916 810 966 1048 707 625 627 642 551 481 373 171 209
0.00332620757631958 0.00683183830231429 0.121762560373172 0.18805588055402 0.139245378021151 0.168884865567088 789 18875 35.841095890411 1401 1586 1057 975 1103 1356 1778 1168 1106 1084 1116 723 649 667 703 651 660 576 295 221 20838 40.5205479452055 1247 1254 1360 1566 1134 1100 1185 1407 1699 1192 1076 1057 1086 719 629 647 658 601 520 354 162 185
0.0886533840373158 -0.00701204665703699 0.14116549724713 0.146115773683414 0.100948189459741 0.0859080296941102 123 15586 38.6095890410959 1104 1236 937 813 806 986 1284 869 879 923 969 643 660 650 644 587 586 566 249 195 15131 42.8005464480874 899 761 875 992 875 809 795 934 1058 804 783 855 875 577 591 590 548 485 412 325 128 160
0.0911319080274552 -0.0700912891631015 0.134151524053887 0.0818878000136465 0.0472632851824164 0.192431128211319 789 13926 40.9344262295082 895 1195 804 746 743 763 1041 652 612 690 970 695 609 616 673 601 594 548 263 216 12104 49.2575342465753 591 612 679 899 597 509 520 556 672 503 499 647 870 651 562 563 565 487 438 327 179 178
0.02511992986314 -0.0328713988652453 0.0713906702958047 0.184573372220621 0.0632687452621758 0.069051602575928 456 16943 37.1287671232877 1179 1418 1005 913 931 1122 1494 945 943 1003 1048 695 606 639 696 636 626 553 275 216 17210 41.713698630137 959 1008 1113 1321 990 890 917 991 1287 897 858 923 955 647 558 578 590 548 474 362 168 176
